-0.123 3.235
-0.588 3.471
-1.663 4.017
-1.029 3.695
-1.836 4.105
0.797 2.768
-0.888 3.623
-0.15 3.249
0.271 3.035
0.306 3.017
-0.745 3.55
-0.414 3.383
-0.299 3.324
1.243 2.542
0.224 3.059
0.625 2.855
-1.108 3.735
-0.33 3.34
0.718 2.808
0.035 3.155
0.182 3.08
1.733 2.293
-1.833 4.103
0.685 2.824
-2.459 4.421
-0.923 3.641
-0.995 3.678
0.006 3.169
0.882 2.725
0.086 3.129
-1.284 3.824
0.57 2.883
-0.868 3.613
-0.127 3.237
-0.437 3.395
-0.388 3.369
-1.374 3.87
-0.792 3.574
0.502 2.918
-0.786 3.571
0.41 2.964
0.217 3.063
-0.537 3.445
-1.034 3.697
-0.109 3.228
-1.326 3.845
-1.139 3.75
0.318 3.011
1.07 2.629
-1.029 3.695
