2.149 1.272
-0.275 -0.331
0.872 1.583
0.395 1.878
0.809 -0.352
1.931 1.05
1.812 2.55
0.666 0.067
0.86 3.245
-0.305 -0.999
-0.013 -0.8
1.407 1.229
1.413 0.85
1.433 1.205
0.865 -0.036
0.352 -1.395
1.016 0.743
1.325 1.227
0.846 0.841
1.22 -0.213
2.006 0.576
0.423 1.013
-0.169 1.287
1.894 -0.101
1.193 0.256
-0.397 -0.264
-0.541 -0.173
1.624 1.775
0.984 -0.107
-0.013 -0.283
2.845 1.667
1.426 0.36
1.652 0.463
-0.401 0.033
1.548 1.1
1.582 1.424
2.301 -0.533
1.82 -0.721
-0.81 -1.678
-0.638 -1.55
0.675 0.948
2.699 -0.362
0.255 0.957
1.886 -0.702
1.369 1.287
0.204 -0.166
1.151 0.292
-0.567 0.168
0.158 -0.551
1.804 0.166
