-0.781 1
1.749 1
-0.664 1
-2.92 1
-0.703 1
0.043 1
1.42 1
-0.103 1
-0.525 1
-0.852 1
0.188 1
0.164 1
-0.517 1
-0.199 1
0.902 1
0.058 1
0.558 1
2.231 1
-0.372 1
1.444 1
1.043 1
-1.623 1
-0.657 1
-1.124 1
2.259 1
0.605 1
1.718 1
-1.346 1
-1.157 1
0.406 1
-1.823 1
-1.049 1
-2.197 1
-0.281 1
-0.518 1
1.657 1
-0.436 1
0.74 1
-1.518 1
1.226 1
1.038 1
-0.927 1
-0.974 1
1.699 1
-0.599 1
0.037 1
-1.033 1
1.276 1
-0.067 1
0.299 1
0.767 2
0.895 2
1.363 2
2.087 2
-3.284 2
-0.854 2
2.366 2
0.617 2
-0.64 2
2.395 2
-0.171 2
0.235 2
0.531 2
2.307 2
-2.405 2
-0.591 2
-1.357 2
1.139 2
0.749 2
0.145 2
-0.986 2
-0.662 2
0.341 2
0.286 2
-1.576 2
0.017 2
-1.157 2
1.617 2
-0.018 2
-2.824 2
-1.09 2
0.48 2
-1.243 2
0.984 2
0.876 2
-1.227 2
2.045 2
-2.944 2
2.494 2
-0.505 2
-0.73 2
2.027 2
0.646 2
0.971 2
0.215 2
-0.129 2
1.344 2
3.048 2
1.029 2
0.972 2
